	*215 
	193 	*124 
	117 	*237 	442 
	218 	*935 	347 	235 
	320 	804 	*522 	417 	345 
	229 	601 	723 	*835 	133 	124 
	248 	202 	277 	433 	*207 	263 	257 
	359 	464 	504 	528 	516 	*716 	871 	182 
	461 	441 	426 	656 	863 	*560 	380 	171 	923 
	381 	348 	573 	533 	447 	*632 	387 	176 	975 	449 
	223 	711 	445 	645 	245 	543 	*931 	532 	937 	541 	444 
	330 	131 	333 	928 	377 	733 	17 	*778 	839 	168 	197 	197 
	131 	171 	522 	137 	217 	224 	291 	413 	*528 	520 	227 	229 	928 
	223 	626 	34 	683 	839 	53 	627 	310 	*713 	999 	629 	817 	410 	121 
	924 	622 	911 	233 	325 	139 	721 	218 	*253 	223 	107 	233 	230 	124 	233 
	*8186 
	0 	*7971 
	-1 	*7847 	7247 
	-1 	*7610 	0 	6805 
	-1 	1527 	*6675 	6570 	5796 
	-1 	0 	723 	*6153 	5451 	124 
	-1 	-1 	0 	0 	*5318 	0 	0 
	-1 	-1 	-1 	-1 	4911 	*5111 	-1 	-1 
	-1 	-1 	-1 	-1 	0 	*4395 	3970 	-1 	-1 
	-1 	-1 	-1 	-1 	-1 	*3835 	3590 	2980 	-1 	-1 
	-1 	-1 	-1 	-1 	-1 	543 	*3203 	2804 	0 	-1 	-1 
	-1 	-1 	-1 	-1 	-1 	0 	0 	*2272 	0 	-1 	-1 	-1 
	-1 	-1 	-1 	-1 	-1 	-1 	-1 	1379 	*1494 	-1 	-1 	-1 	-1 
	-1 	-1 	-1 	-1 	-1 	-1 	-1 	563 	*966 	999 	-1 	-1 	-1 	-1 
	-1 	-1 	-1 	-1 	-1 	-1 	-1 	218 	*253 	0 	0 	-1 	-1 	-1 	-1 
Maximum value is 8186
Depth is 14
